0 0 0
0 0 0
0 0 0
0 0 0
0 0 0
0 0 0
0 1.65192 4.88303
0 1.65192 4.88303
0 1.65192 4.88303
0 1.65192 4.88303
0 1.65192 4.88303
0 1.65192 4.88303
0 1.65192 4.88303
0 1.65192 4.88303
0 1.65192 4.88303
0 1.65192 4.88303
0 1.65192 4.88303
0 1.65192 4.88303
0 1.65192 4.88303
0 1.65192 4.88303
0 1.65192 4.88303
0 1.65192 4.88303
0 1.65192 4.88303
0 1.65192 4.88303
0 0.560335 71.6099
0 0.560335 71.6099
0 1.40172 4.36063
0 1.40172 4.36063
0 1.40172 4.36063
0 1.40172 4.36063
0 1.40172 4.36063
0 1.40172 4.36063
0 1.40172 4.36063
0 1.40172 4.36063
0 1.40172 4.36063
0 1.40172 4.36063
0 1.40172 4.36063
0 0.354348 43.9701
0 0.354348 43.9701
0 0.354348 43.9701
0 0.354348 43.9701
0 0.354348 43.9701
0 0.354348 43.9701
0 0.354348 43.9701
0 0.354348 43.9701
0 0.0342154 14.1904
0 0.0342154 14.1904
0 0.0342154 14.1904
0 0.0342154 14.1904
0 0.0342154 14.1904
0 0.0342154 14.1904
0 0.0342154 14.1904
0 0.0342154 14.1904
0 0.0342154 14.1904
0 0.0342154 14.1904
0 0.0342154 14.1904
0 0.0342154 14.1904
0 0.0342154 14.1904
0 0.0342154 14.1904
0 0.0342154 14.1904
0 0.0342154 14.1904
0 0.0342154 14.1904
0 0.0342154 14.1904
0 0.0342154 14.1904
0 0.0342154 14.1904
0 0.0342154 14.1904
0 0.0342154 14.1904
0 2.32863 12.0856
0 2.32863 12.0856
0 2.32863 12.0856
0 1.14765 2.15447
0 1.14765 2.15447
0 0.782179 68.5112
0 0.782179 68.5112
0 0.782179 68.5112
0 0.782179 68.5112
0 0.782179 68.5112
0 0.782179 68.5112
0 3.69416 21.12
0 3.69416 21.12
0 3.69416 21.12
0 3.69416 21.12
0 3.69416 21.12
0 3.69416 21.12
0 3.69416 21.12
0 3.69416 21.12
0 3.69416 21.12
0 3.69416 21.12
0 3.69416 21.12
0 3.69416 21.12
0 3.69416 21.12
0 3.69416 21.12
0 3.69416 21.12
0 3.69416 21.12
0 3.69416 21.12
0 3.69416 21.12
0 3.69416 21.12
0 3.69416 21.12
0 3.69416 21.12
0 3.69416 21.12
0 1.05375 2.06836
0 1.05375 2.06836
0 1.05375 2.06836
0 1.05375 2.06836
0 1.05375 2.06836
0 1.05375 2.06836
0 1.05375 2.06836
0 1.05375 2.06836
0 1.05375 2.06836
0 1.05375 2.06836
0 1.05375 2.06836
0 1.05375 2.06836
0 1.05375 2.06836
0 1.05375 2.06836
0 1.05375 2.06836
0 1.05375 2.06836
0 1.05375 2.06836
0 1.05375 2.06836
0 1.05375 2.06836
0 1.05375 2.06836
0 1.05375 2.06836
0 0.297423 0.466721
0 0.297423 0.466721
0 0.297423 0.466721
0 0.297423 0.466721
0 0.297423 0.466721
0 0.297423 0.466721
0 0.297423 0.466721
0 0.297423 0.466721
0 0.297423 0.466721
0 0.297423 0.466721
0 0.297423 0.466721
0 0.297423 0.466721
0 0.297423 0.466721
0 0.297423 0.466721
0 1.81998 2.98559
0 1.81998 2.98559
0 1.81998 2.98559
0 1.81998 2.98559
0 1.81998 2.98559
0 1.81998 2.98559
0 0.11765 0.407692
0 0.11765 0.407692
0 0.11765 0.407692
0 0.11765 0.407692
0 0.439096 30.4962
0 0.439096 30.4962
0 0.439096 30.4962
0 0.439096 30.4962
0 0.439096 30.4962
0 0.439096 30.4962
0 0.439096 30.4962
0 0.439096 30.4962
0 0.439096 30.4962
0 0.439096 30.4962
0 0.439096 30.4962
0 0.439096 30.4962
0 0.439096 30.4962
0 0.439096 30.4962
0 0.439096 30.4962
0 0.439096 30.4962
0 0.439096 30.4962
0 0.439096 30.4962
0 0.439096 30.4962
0 0.439096 30.4962
0 0.439096 30.4962
0 0.439096 30.4962
0 0.439096 30.4962
0 0.439096 30.4962
0 0.439096 30.4962
0 0.439096 30.4962
0 0.439096 30.4962
0 0.439096 30.4962
0 1.48768 6.8947
0 1.48768 6.8947
0 1.48768 6.8947
0 1.48768 6.8947
0 1.24902 1.67665
0 1.24902 1.67665
0 1.24902 1.67665
0 1.24902 1.67665
0 1.24902 1.67665
0 1.24902 1.67665
0 1.24902 1.67665
0 1.24902 1.67665
0 2.07697 1357.6
0 2.07697 1357.6
0 0.852802 3.98188
0 0.852802 3.98188
0 0.852802 3.98188
0 0.852802 3.98188
0 0.852802 3.98188
0 0.852802 3.98188
0 0.852802 3.98188
0 0.852802 3.98188
0 0.852802 3.98188
0 0.852802 3.98188
0 0.852802 3.98188
0 0.852802 3.98188
0 0.852802 3.98188
0 0.852802 3.98188
0 0.852802 3.98188
0 0.852802 3.98188
0 0.364086 1.59754
0 0.364086 1.59754
0 0.364086 1.59754
0 0.364086 1.59754
0 0.364086 1.59754
0 0.364086 1.59754
0 0.364086 1.59754
0 0.364086 1.59754
0 0.364086 1.59754
0 0.364086 1.59754
0 0.364086 1.59754
0 2.08493 3.83228
0 2.08493 3.83228
0 2.08493 3.83228
0 2.08493 3.83228
0 2.08493 3.83228
0 2.08493 3.83228
0 2.08493 3.83228
0 2.08493 3.83228
0 2.08493 3.83228
0 2.08493 3.83228
0 2.08493 3.83228
0 2.08493 3.83228
0 2.08493 3.83228
0 0.235661 7.22499
0 0.235661 7.22499
0 0.235661 7.22499
0 0.235661 7.22499
0 0.235661 7.22499
0 1.02243 31.1043
0 1.02243 31.1043
0 1.02243 31.1043
0 3.24288 2.31075
0 3.24288 2.31075
0 3.24288 2.31075
0 3.24288 2.31075
0 3.24288 2.31075
0 3.24288 2.31075
0 3.24288 2.31075
0 3.24288 2.31075
0 3.24288 2.31075
0 3.24288 2.31075
0 3.24288 2.31075
0 3.24288 2.31075
0 0.793679 2.75596
0 0.793679 2.75596
0 0.793679 2.75596
0 0.793679 2.75596
0 0.793679 2.75596
0 0.793679 2.75596
0 0.793679 2.75596
0 0.793679 2.75596
0 0.793679 2.75596
0 0.793679 2.75596
0 0.793679 2.75596
0 0.793679 2.75596
0 0.793679 2.75596
0 0.793679 2.75596
0 0.793679 2.75596
0 0.793679 2.75596
0 0.793679 2.75596
0 0.793679 2.75596
0 0.793679 2.75596
0 0.793679 2.75596
0 0.793679 2.75596
0 0.793679 2.75596
0 0.793679 2.75596
0 0.793679 2.75596
0 0.793679 2.75596
0 0.793679 2.75596
0 1.03265 434.993
0 1.03265 434.993
0 1.03265 434.993
0 1.03265 434.993
0 1.03265 434.993
0 1.03265 434.993
0 1.03265 434.993
0 1.03265 434.993
0 1.03265 434.993
0 1.03265 434.993
0 1.03265 434.993
0 1.03265 434.993
0 1.03265 434.993
0 1.03265 434.993
0 0.222706 1.46774
0 0.222706 1.46774
0 0.222706 1.46774
0 0.222706 1.46774
0 0.222706 1.46774
0 0.222706 1.46774
0 0.222706 1.46774
0 0.222706 1.46774
0 0.222706 1.46774
0 0.222706 1.46774
0 0.222706 1.46774
0 0.222706 1.46774
0 0.222706 1.46774
0 0.222706 1.46774
0 0.222706 1.46774
0 0.222706 1.46774
0 0.222706 1.46774
0 0.222706 1.46774
0 0.222706 1.46774
0 0.222706 1.46774
0 0.222706 1.46774
0 0.222706 1.46774
0 0.222706 1.46774
0 0.222706 1.46774
0 0.222706 1.46774
0 0.222706 1.46774
0 0.222706 1.46774
0 0.222706 1.46774
0 0.222706 1.46774
0 0.222706 1.46774
0 0.222706 1.46774
0 0.222706 1.46774
0 0.222706 1.46774
0 0.222706 1.46774
0 0.222706 1.46774
0 0.222706 1.46774
0 0.222706 1.46774
0 0.222706 1.46774
0 0.222706 1.46774
0 0.222706 1.46774
0 0.222706 1.46774
0 0.222706 1.46774
0 0.222706 1.46774
0 0.222706 1.46774
0 0.222706 1.46774
0 0.222706 1.46774
0 0.467747 410.047
0 0.467747 410.047
0 0.467747 410.047
0 0.467747 410.047
0 0.467747 410.047
0 0.562212 161.073
0 0.562212 161.073
0 0.562212 161.073
0 0.562212 161.073
0 0.562212 161.073
0 0.562212 161.073
0 0.562212 161.073
0 0.562212 161.073
0 0.562212 161.073
0 0.562212 161.073
0 0.562212 161.073
0 0.300697 0.984418
0 0.300697 0.984418
0 0.300697 0.984418
0 0.300697 0.984418
0 0.300697 0.984418
0 0.300697 0.984418
0 0.300697 0.984418
0 0.300697 0.984418
0 0.300697 0.984418
0 0.300697 0.984418
0 0.300697 0.984418
0 0.300697 0.984418
0 0.300697 0.984418
0 0.300697 0.984418
0 0.300697 0.984418
0 0.300697 0.984418
0 0.300697 0.984418
0 0.300697 0.984418
0 0.300697 0.984418
0 0.300697 0.984418
0 0.300697 0.984418
0 0.300697 0.984418
0 0.300697 0.984418
0 0.300697 0.984418
0 0.300697 0.984418
0 0.300697 0.984418
0 0.300697 0.984418
0 0.300697 0.984418
0 0.300697 0.984418
0 0.300697 0.984418
0 0.300697 0.984418
0 0.300697 0.984418
0 0.300697 0.984418
0 0.300697 0.984418
0 0.300697 0.984418
0 0.300697 0.984418
0 0.300697 0.984418
0 0.300697 0.984418
0 0.300697 0.984418
0 0.300697 0.984418
0 0.300697 0.984418
0 0.300697 0.984418
0 0.300697 0.984418
0 0.300697 0.984418
0 0.300697 0.984418
0 0.300697 0.984418
0 0.300697 0.984418
0 0.300697 0.984418
0 0.300697 0.984418
0 0.300697 0.984418
0 0.300697 0.984418
0 0.300697 0.984418
0 0.300697 0.984418
0 0.300697 0.984418
0 0.300697 0.984418
0 0.300697 0.984418
0 0.300697 0.984418
0 0.300697 0.984418
0 0.300697 0.984418
0 0.300697 0.984418
0 0.300697 0.984418
0 0.300697 0.984418
0 0.300697 0.984418
0 0.523027 25.7534
0 0.523027 25.7534
0 0.523027 25.7534
0 0.523027 25.7534
0 0.523027 25.7534
0 0.523027 25.7534
0 0.523027 25.7534
0 0.523027 25.7534
0 0.523027 25.7534
0 0.523027 25.7534
0 0.523027 25.7534
0 0.523027 25.7534
0 0.523027 25.7534
0 0.523027 25.7534
0 1.5796 1.53504
0 1.5796 1.53504
0 1.5796 1.53504
0 1.5796 1.53504
0 1.5796 1.53504
0 1.5796 1.53504
0 1.5796 1.53504
0 1.5796 1.53504
0 1.5796 1.53504
0 1.5796 1.53504
0 1.5796 1.53504
0 1.5796 1.53504
0 0.0909546 0.69058
0 0.620992 3.63459
0 0.620992 3.63459
0 0.620992 3.63459
0 0.620992 3.63459
0 0.620992 3.63459
0 0.620992 3.63459
0 0.620992 3.63459
0 0.620992 3.63459
0 0.620992 3.63459
0 0.620992 3.63459
0 0.620992 3.63459
0 0.620992 3.63459
0 0.620992 3.63459
0 0.620992 3.63459
0 4.21095 10.7385
0 4.21095 10.7385
0 4.21095 10.7385
0 4.21095 10.7385
0 4.21095 10.7385
0 4.21095 10.7385
0 4.21095 10.7385
0 4.21095 10.7385
0 4.21095 10.7385
0 4.21095 10.7385
0 4.21095 10.7385
0 4.21095 10.7385
0 4.21095 10.7385
0 4.21095 10.7385
0 4.21095 10.7385
0 2.61517 118.851
0 2.61517 118.851
0 2.61517 118.851
0 2.61517 118.851
0 2.61517 118.851
0 2.61517 118.851
0 2.61517 118.851
0 2.61517 118.851
0 2.61517 118.851
0 2.61517 118.851
0 2.61517 118.851
0 2.61517 118.851
0 2.61517 118.851
0 2.61517 118.851
0 2.61517 118.851
0 2.61517 118.851
0 2.61517 118.851
0 2.61517 118.851
0 2.61517 118.851
0 2.61517 118.851
0 2.61517 118.851
0 2.61517 118.851
0 0.283592 3.02181
0 0.283592 3.02181
0 0.283592 3.02181
0 0.283592 3.02181
0 0.283592 3.02181
0 0.283592 3.02181
0 0.283592 3.02181
0 0.283592 3.02181
0 0.283592 3.02181
0 0.283592 3.02181
0 0.283592 3.02181
0 0.283592 3.02181
0 0.283592 3.02181
0 0.283592 3.02181
0 0.283592 3.02181
0 0.283592 3.02181
0 0.283592 3.02181
0 0.283592 3.02181
0 0.283592 3.02181
0 0.283592 3.02181
0 0.283592 3.02181
0 0.283592 3.02181
0 0.283592 3.02181
0 0.283592 3.02181
0 0.283592 3.02181
0 0.283592 3.02181
0 0.283592 3.02181
0 0.283592 3.02181
0 0.283592 3.02181
0 0.283592 3.02181
0 0.845369 1.88892
0 0.845369 1.88892
0 0.845369 1.88892
0 0.845369 1.88892
0 0.845369 1.88892
0 0.845369 1.88892
0 0.845369 1.88892
0 0.845369 1.88892
0 1.18157 10.6312
0 1.18157 10.6312
0 1.18157 10.6312
0 1.18157 10.6312
0 1.18157 10.6312
0 1.18157 10.6312
0 1.18157 10.6312
0 1.18157 10.6312
0 1.18157 10.6312
0 1.18157 10.6312
0 1.18157 10.6312
0 1.18157 10.6312
0 0.704301 0.577342
0 0.704301 0.577342
0 0.704301 0.577342
0 0.704301 0.577342
0 0.704301 0.577342
0 0.704301 0.577342
0 0.704301 0.577342
0 0.704301 0.577342
0 0.704301 0.577342
0 0.704301 0.577342
0 0.704301 0.577342
0 0.704301 0.577342
0 0.704301 0.577342
0 0.704301 0.577342
0 0.704301 0.577342
0 0.704301 0.577342
0 0.704301 0.577342
0 0.704301 0.577342
0 0.704301 0.577342
0 0.704301 0.577342
0 0.704301 0.577342
0 0.704301 0.577342
0 0.704301 0.577342
0 0.704301 0.577342
0 0.704301 0.577342
0 0.704301 0.577342
0 0.704301 0.577342
0 0.704301 0.577342
0 0.704301 0.577342
0 0.704301 0.577342
0 0.704301 0.577342
0 0.704301 0.577342
0 0.704301 0.577342
0 0.704301 0.577342
0 0.704301 0.577342
0 0.704301 0.577342
0 0.704301 0.577342
0 0.704301 0.577342
0 0.704301 0.577342
0 1.62164 7.63206
0 1.62164 7.63206
0 1.62164 7.63206
0 1.62164 7.63206
0 0.167243 0.251002
0 0.167243 0.251002
0 0.167243 0.251002
0 0.167243 0.251002
0 0.167243 0.251002
0 0.167243 0.251002
0 0.167243 0.251002
0 0.167243 0.251002
0 0.167243 0.251002
0 0.167243 0.251002
0 0.167243 0.251002
0 0.167243 0.251002
0 0.167243 0.251002
0 0.167243 0.251002
0 0.167243 0.251002
0 0.167243 0.251002
0 0.167243 0.251002
0 0.167243 0.251002
0 0.167243 0.251002
0 0.167243 0.251002
0 0.167243 0.251002
0 0.167243 0.251002
0 0.167243 0.251002
0 0.435882 62.3465
0 0.435882 62.3465
0 0.435882 62.3465
0 0.435882 62.3465
0 0.435882 62.3465
0 0.435882 62.3465
0 0.435882 62.3465
0 0.435882 62.3465
0 0.435882 62.3465
0 0.435882 62.3465
0 0.435882 62.3465
0 0.435882 62.3465
0 0.435882 62.3465
0 0.435882 62.3465
0 0.435882 62.3465
0 0.435882 62.3465
0 0.435882 62.3465
0 0.435882 62.3465
0 0.435882 62.3465
0 0.435882 62.3465
0 0.435882 62.3465
0 0.761642 17.8596
0 0.761642 17.8596
0 0.761642 17.8596
0 0.761642 17.8596
0 0.761642 17.8596
0 0.761642 17.8596
0 0.761642 17.8596
0 0.761642 17.8596
0 0.761642 17.8596
0 0.761642 17.8596
0 0.761642 17.8596
0 0.761642 17.8596
0 0.761642 17.8596
0 0.761642 17.8596
0 0.53158 1.16661
0 0.53158 1.16661
0 0.53158 1.16661
0 0.53158 1.16661
0 0.53158 1.16661
0 0.53158 1.16661
0 0.53158 1.16661
0 0.53158 1.16661
0 0.53158 1.16661
0 0.53158 1.16661
0 0.53158 1.16661
0 0.53158 1.16661
0 0.53158 1.16661
0 0.53158 1.16661
0 0.53158 1.16661
0 0.53158 1.16661
0 0.53158 1.16661
0 0.53158 1.16661
0 0.893278 1.17378
0 0.893278 1.17378
0 0.893278 1.17378
0 0.893278 1.17378
0 0.893278 1.17378
0 0.893278 1.17378
0 0.893278 1.17378
0 0.365614 0.579349
0 2.72263 26.8189
0 2.72263 26.8189
0 2.72263 26.8189
0 2.72263 26.8189
0 2.72263 26.8189
0 2.72263 26.8189
0 2.72263 26.8189
0 0.10813 4.38218
0 0.10813 4.38218
0 0.10813 4.38218
0 0.10813 4.38218
0 0.10813 4.38218
0 0.10813 4.38218
0 0.10813 4.38218
0 0.10813 4.38218
0 0.10813 4.38218
0 0.10813 4.38218
0 0.10813 4.38218
0 0.10813 4.38218
0 0.10813 4.38218
0 0.10813 4.38218
0 0.10813 4.38218
0 0.10813 4.38218
0 0.10813 4.38218
0 0.10813 4.38218
0 0.10813 4.38218
0 0.10813 4.38218
0 0.10813 4.38218
0 0.10813 4.38218
0 0.10813 4.38218
0 0.10813 4.38218
0 0.10813 4.38218
0 0.10813 4.38218
0 0.10813 4.38218
0 0.10813 4.38218
0 0.10813 4.38218
0 0.10813 4.38218
0 0.10813 4.38218
0 0.10813 4.38218
0 0.10813 4.38218
0 0.10813 4.38218
0 0.10813 4.38218
0 0.10813 4.38218
0 0.10813 4.38218
0 0.10813 4.38218
0 0.10813 4.38218
0 0.10813 4.38218
0 0.10813 4.38218
0 0.10813 4.38218
0 0.10813 4.38218
0 0.10813 4.38218
0 0.10813 4.38218
0 0.10813 4.38218
0 0.10813 4.38218
0 0.10813 4.38218
0 0.10813 4.38218
0 0.10813 4.38218
0 0.10813 4.38218
0 0.10813 4.38218
0 0.10813 4.38218
0 0.10813 4.38218
0 0.10813 4.38218
0 0.10813 4.38218
0 0.10813 4.38218
0 0.10813 4.38218
0 0.10813 4.38218
0 0.10813 4.38218
0 0.10813 4.38218
0 0.10813 4.38218
0 0.10813 4.38218
0 0.10813 4.38218
0 0.10813 4.38218
0 0.10813 4.38218
0 0.10813 4.38218
0 0.10813 4.38218
0 0.10813 4.38218
0 0.10813 4.38218
0 0.10813 4.38218
0 0.10813 4.38218
0 0.10813 4.38218
0 0.10813 4.38218
0 0.10813 4.38218
0 0.10813 4.38218
0 0.10813 4.38218
0 0.10813 4.38218
0 0.10813 4.38218
0 0.10813 4.38218
0 0.10813 4.38218
0 0.10813 4.38218
0 0.10813 4.38218
0 0.10813 4.38218
0 0.10813 4.38218
0 0.10813 4.38218
0 0.10813 4.38218
0 0.10813 4.38218
0 0.10813 4.38218
0 0.10813 4.38218
0 0.10813 4.38218
0 0.10813 4.38218
0 0.10813 4.38218
0 0.10813 4.38218
0 0.10813 4.38218
0 0.10813 4.38218
0 0.10813 4.38218
0 0.10813 4.38218
0 0.10813 4.38218
0 0.10813 4.38218
0 0.10813 4.38218
0 0.10813 4.38218
0 0.10813 4.38218
0 0.10813 4.38218
0 0.10813 4.38218
0 0.35369 0.613785
0 0.35369 0.613785
0 0.35369 0.613785
0 0.35369 0.613785
0 0.35369 0.613785
0 0.35369 0.613785
0 0.35369 0.613785
0 0.35369 0.613785
0 0.35369 0.613785
0 0.480875 8.86619
0 0.480875 8.86619
0 0.480875 8.86619
0 0.480875 8.86619
0 0.480875 8.86619
0 0.480875 8.86619
0 0.480875 8.86619
0 0.480875 8.86619
0 0.480875 8.86619
0 0.480875 8.86619
0 0.480875 8.86619
0 0.480875 8.86619
0 0.480875 8.86619
0 0.480875 8.86619
0 0.480875 8.86619
0 0.480875 8.86619
0 0.480875 8.86619
0 0.480875 8.86619
0 0.480875 8.86619
0 0.480875 8.86619
0 0.480875 8.86619
0 0.480875 8.86619
0 0.480875 8.86619
0 0.480875 8.86619
0 0.480875 8.86619
0 0.480875 8.86619
0 0.480875 8.86619
0 0.480875 8.86619
0 0.480875 8.86619
0 0.480875 8.86619
0 0.480875 8.86619
0 0.480875 8.86619
0 0.480875 8.86619
0 0.480875 8.86619
0 0.480875 8.86619
0 0.480875 8.86619
0 0.480875 8.86619
0 0.480875 8.86619
0 0.480875 8.86619
0 0.480875 8.86619
0 0.480875 8.86619
0 0.480875 8.86619
0 0.480875 8.86619
0 0.0911027 0.34407
0 0.0911027 0.34407
0 0.0911027 0.34407
0 0.0911027 0.34407
0 0.0911027 0.34407
0 0.371236 0.638071
0 0.371236 0.638071
0 0.371236 0.638071
0 0.371236 0.638071
0 0.371236 0.638071
0 0.371236 0.638071
0 0.371236 0.638071
0 0.371236 0.638071
0 0.371236 0.638071
0 0.371236 0.638071
0 0.371236 0.638071
0 0.371236 0.638071
0 0.371236 0.638071
0 0.371236 0.638071
0 0.371236 0.638071
0 0.371236 0.638071
0 0.371236 0.638071
0 0.371236 0.638071
0 0.371236 0.638071
0 0.371236 0.638071
0 0.371236 0.638071
0 0.371236 0.638071
0 0.371236 0.638071
0 0.371236 0.638071
0 0.371236 0.638071
0 0.610863 16.1565
0 0.610863 16.1565
0 0.610863 16.1565
0 0.610863 16.1565
0 0.610863 16.1565
0 0.610863 16.1565
0 0.610863 16.1565
0 0.610863 16.1565
0 0.610863 16.1565
0 0.610863 16.1565
0 0.610863 16.1565
0 0.610863 16.1565
0 0.610863 16.1565
0 0.610863 16.1565
0 0.610863 16.1565
0 0.610863 16.1565
0 1.60383 4.69888
0 1.60383 4.69888
0 1.60383 4.69888
0 1.60383 4.69888
0 1.60383 4.69888
0 1.60383 4.69888
0 1.60383 4.69888
0 1.60383 4.69888
0 1.60383 4.69888
0 1.60383 4.69888
0 1.60383 4.69888
0 1.25013 2.08127
0 1.25013 2.08127
0 1.25013 2.08127
0 1.25013 2.08127
0 1.25013 2.08127
0 1.25013 2.08127
0 1.25013 2.08127
0 1.25013 2.08127
0 1.25013 2.08127
0 1.25013 2.08127
0 1.25013 2.08127
0 1.25013 2.08127
0 1.25013 2.08127
0 1.25013 2.08127
0 1.25013 2.08127
0 1.25013 2.08127
0 1.25013 2.08127
0 1.25013 2.08127
0 1.25013 2.08127
0 1.25013 2.08127
0 1.25013 2.08127
0 1.25013 2.08127
0 1.25013 2.08127
0 1.25013 2.08127
0 1.25013 2.08127
0 1.25013 2.08127
0 1.25013 2.08127
0 1.25013 2.08127
0 1.25013 2.08127
0 1.25013 2.08127
0 1.25013 2.08127
0 1.25013 2.08127
0 1.25013 2.08127
0 1.25013 2.08127
0 1.25013 2.08127
0 1.25013 2.08127
0 1.25013 2.08127
0 1.25013 2.08127
0 1.25013 2.08127
0 1.25013 2.08127
0 1.25013 2.08127
0 1.25013 2.08127
0 1.25013 2.08127
0 1.25013 2.08127
0 1.25013 2.08127
0 1.25013 2.08127
0 1.25013 2.08127
0 1.25013 2.08127
0 1.25013 2.08127
0 1.25013 2.08127
0 1.25013 2.08127
0 1.25013 2.08127
0 1.25013 2.08127
0 1.25013 2.08127
0 1.25013 2.08127
0 1.25013 2.08127
0 1.25013 2.08127
0 1.25013 2.08127
0 1.25013 2.08127
0 1.25013 2.08127
0 1.25013 2.08127
0 2.20307 30.6284
0 2.20307 30.6284
0 2.20307 30.6284
0 2.20307 30.6284
0 2.20307 30.6284
0 2.20307 30.6284
0 0.230004 2.01386
0 0.230004 2.01386
0 0.230004 2.01386
0 0.230004 2.01386
0 0.230004 2.01386
0 0.230004 2.01386
0 0.230004 2.01386
0 0.230004 2.01386
0 0.230004 2.01386
0 0.230004 2.01386
0 0.230004 2.01386
0 0.230004 2.01386
0 0.230004 2.01386
0 0.230004 2.01386
0 0.230004 2.01386
0 0.230004 2.01386
0 0.230004 2.01386
0 0.230004 2.01386
0 0.230004 2.01386
0 0.230004 2.01386
0 0.230004 2.01386
0 0.230004 2.01386
0 0.230004 2.01386
0 0.230004 2.01386
0 0.230004 2.01386
0 0.230004 2.01386
0 0.230004 2.01386
0 0.230004 2.01386
0 0.230004 2.01386
0 0.230004 2.01386
0 0.230004 2.01386
0 0.230004 2.01386
0 0.230004 2.01386
0 0.230004 2.01386
0 0.230004 2.01386
0 0.230004 2.01386
0 0.230004 2.01386
0 0.230004 2.01386
0 0.230004 2.01386
0 0.230004 2.01386
0 0.230004 2.01386
0 0.109666 6.05989
0 0.109666 6.05989
0 0.109666 6.05989
0 0.109666 6.05989
